# The contained cliques in the communities at k=3
# from /Users/merterm/Downloads/AI_interactions/Al-interactions.txt
# at no lower link weight threshold,
# and at no upper link weight threshold.
# Links were treated as undirected.
# No time limit was set for the clique search.

0: 0 298 684 299 323 324 
1: 1 148 154 
2: 2 1070 1522 1523 431 608 1032 102 968 858 1205 855 857 305 742 856 1204 1451 1452 1453 1588 1589 306 743 150 1402 1653 1688 1689 316 1403 1404 1405 1704 1726 1727 1107 1367 1610 1657 1705 1706 1105 1106 68 315 457 516 919 1123 1340 1363 1552 1606 1645 1654 1781 1792 458 459 920 1124 1341 1365 1554 1608 1646 1655 1782 1793 918 921 922 1122 1339 1362 1551 1644 1791 1125 1126 1127 194 517 1342 1366 1555 1609 1647 1656 1273 1343 1274 1275 1276 1658 75 1368 1730 118 1364 1553 1607 1556 1775 1776 639 782 927 1708 1732 1763 1794 1795 1796 1797 638 63 454 554 781 1707 1731 1759 1760 1761 1762 1360 1693 1595 1694 515 696 716 1085 1086 1088 1300 1525 1526 1527 1593 1594 1596 1598 1692 718 1084 1160 1244 717 715 906 1087 905 698 908 697 430 695 1082 429 1083 191 193 795 885 907 1597 9 1590 476 477 1206 138 139 1101 688 689 307 152 308 153 67 91 257 478 176 690 1065 691 692 1066 175 84 1069 1067 1068 160 198 199 
3: 3 4 5 6 7 870 
4: 8 1078 1773 1079 1080 1081 846 1774 847 848 1806 877 1758 872 874 876 878 871 873 875 
5: 10 314 
6: 11 163 597 253 745 1315 1557 1568 1716 1802 1817 744 94 104 254 273 484 485 520 649 862 1034 1115 1196 1260 1319 1434 1475 1542 1549 1577 1586 1592 1733 486 1511 487 1444 1496 488 489 1389 1390 1617 460 1385 1618 650 1497 1445 1820 1690 1494 1495 1498 884 1141 1508 1142 1507 1117 1121 1650 1784 1825 1118 1129 1128 1130 786 902 923 1330 1735 787 903 357 819 904 1243 1396 100 820 821 349 1397 1616 348 863 924 662 663 1736 1433 1432 521 1230 709 1229 1723 1724 1725 1328 1443 1585 1777 1788 1790 1584 1642 1575 1576 1786 1787 850 1789 849 653 1245 1458 851 864 1459 1460 667 818 911 1531 1533 1816 1827 1532 518 1695 1811 1824 1808 705 1492 1722 1738 1748 1809 1810 706 527 600 776 939 1232 1321 1329 1599 1696 1749 1803 1812 1819 1822 940 1231 1233 1747 1807 1818 1823 1702 1701 1813 1814 1804 1805 1826 1734 1821 607 1530 1751 1769 1332 1752 1331 1767 1768 1770 1771 1815 869 925 1322 1750 1600 888 889 1737 1510 1509 1699 892 1605 1698 1700 1543 1462 1463 556 1499 1785 865 1320 1435 1578 1587 1778 866 867 868 1780 1195 1318 1197 1703 651 1035 360 928 1261 1430 244 725 1429 1116 1431 1569 1337 1338 1591 1567 
7: 12 
8: 13 508 
9: 14 
10: 15 16 17 
11: 18 
12: 19 
13: 20 
14: 21 
15: 22 531 43 223 405 532 951 952 953 954 224 406 956 955 
16: 23 
17: 24 151 172 181 182 185 329 331 333 334 540 713 894 1097 1250 1258 1334 1490 1546 180 113 330 332 522 539 712 788 1248 1249 1272 1436 1483 1484 1489 1545 1621 56 184 186 335 433 1361 434 1112 235 1113 1714 1111 1295 1296 1297 1293 1294 1573 1709 1711 1713 1355 1488 1574 1352 1353 1710 1359 1571 1712 1715 839 1098 1356 1428 1570 49 50 183 234 271 794 840 841 1096 1251 1335 1485 1487 895 1099 1208 1254 1259 1357 1486 1491 1544 1547 1548 1622 893 896 1437 1247 1482 1779 1333 637 1336 452 1623 1358 1257 1697 1207 1640 1728 292 491 1100 490 265 276 496 514 687 1052 1150 1157 1203 1351 1409 1766 266 481 1354 1641 482 1639 1638 453 1252 1253 1255 1256 1572 1271 1270 36 38 39 40 207 208 209 211 213 214 216 217 219 220 296 326 368 369 373 375 377 379 381 382 385 392 396 399 400 500 503 507 566 568 569 573 577 579 580 582 584 586 588 593 596 679 686 724 727 730 754 756 758 764 765 825 829 833 835 836 842 879 943 947 1039 1040 1048 1051 1056 1061 1144 1149 1156 1211 1215 1220 1225 1323 1324 1408 1438 1450 1580 206 37 41 162 210 212 215 218 320 327 372 374 376 378 380 388 389 391 395 397 398 502 567 570 576 578 581 583 585 587 592 595 685 723 753 755 757 763 828 832 834 942 946 1038 1047 1060 1143 1148 1210 1219 1224 1407 1449 1579 589 479 652 853 854 1036 1199 1200 1448 1198 1447 303 1520 301 302 29 114 278 283 355 371 384 387 394 464 493 497 501 543 575 594 665 669 670 673 678 680 682 729 732 760 767 823 827 831 838 844 881 945 949 1042 1049 1054 1057 1063 1146 1152 1159 1213 1217 1222 1227 1411 1439 1521 1582 282 238 241 293 328 354 370 383 386 390 393 402 463 495 571 574 590 664 668 672 677 681 728 731 759 761 766 812 822 826 830 837 843 880 944 948 1041 1045 1053 1058 1062 1145 1151 1153 1158 1212 1216 1221 1226 1410 1581 403 136 246 297 494 572 591 666 671 683 762 768 824 845 950 1046 1050 1055 1147 1154 1214 1223 1228 1440 1044 676 1043 1155 1202 1406 675 1037 1412 544 883 1059 1583 255 693 882 694 1464 1465 813 733 1325 1326 339 404 340 648 1327 558 562 161 561 367 203 366 202 
18: 25 57 
19: 26 189 1064 
20: 27 
21: 28 190 
22: 30 
23: 31 1179 280 286 451 530 542 565 613 615 617 619 621 623 625 627 628 630 632 634 636 770 799 801 803 805 807 808 811 817 887 970 972 974 976 978 980 982 984 986 988 990 992 994 996 998 1000 1002 1004 1006 1008 1010 1012 1014 1016 1018 1020 1022 1024 1026 1028 1077 1133 1135 1162 1165 1167 1172 1175 1176 1177 1178 1180 1182 1185 1187 1189 1288 1292 1299 1302 1307 1313 1442 1519 1529 1627 1649 1721 1743 1765 1799 1829 1831 279 285 449 450 529 541 564 612 614 616 618 620 622 624 626 629 631 633 635 769 798 800 802 804 806 809 810 816 886 969 971 973 975 977 979 981 983 985 987 989 991 993 995 997 999 1001 1003 1005 1007 1009 1011 1013 1015 1017 1019 1021 1023 1025 1027 1076 1132 1134 1161 1163 1166 1168 1181 1184 1186 1188 1284 1290 1298 1301 1303 1309 1441 1518 1528 1624 1648 1720 1739 1764 1798 1828 1830 1164 239 1291 1740 605 1422 1500 1502 1506 1741 1742 1754 604 606 1501 1503 1504 1505 1637 1665 1679 1683 1684 101 261 425 603 792 1190 1399 1400 1631 1633 1660 1661 1662 1663 1664 1671 1672 1673 1674 1675 1676 1755 1756 1757 1192 1629 1630 1659 1667 1668 1669 1680 1681 1193 1634 1635 1666 1677 1682 1191 1744 1281 1421 1745 1746 1280 1417 1419 1282 1398 1401 1446 1512 1800 1801 1514 1565 1566 1415 1513 1174 1317 1413 1414 1416 423 790 422 424 789 791 1636 1678 1783 1632 1670 560 1420 1628 559 1418 1619 1620 793 200 1427 1425 1426 1685 240 1285 1286 1287 1289 1304 1305 1306 1308 1310 1311 1312 1314 1194 1316 1625 1626 1729 534 708 1753 533 1170 1169 1171 1173 506 
24: 32 70 204 741 
25: 33 232 779 912 233 415 504 961 1283 416 414 523 797 941 960 962 796 1481 780 413 412 461 913 192 
26: 34 
27: 35 
28: 42 73 
29: 44 408 598 737 774 409 227 499 599 59 547 735 736 546 548 640 738 775 1108 344 407 739 345 
30: 45 229 
31: 46 230 734 778 513 545 699 700 1071 1072 1073 1074 1235 1388 1234 1263 
32: 47 98 
33: 48 137 
34: 51 52 
35: 53 
36: 54 1094 1264 
37: 55 245 
38: 58 
39: 60 748 1369 1370 1378 1466 1468 1469 749 751 750 752 1136 1371 1534 1558 1611 1137 1374 1391 1536 1560 1612 1138 1139 1140 1392 1393 1394 610 931 932 1376 1478 1479 1538 1539 1540 1541 1562 1563 1564 1613 1615 1652 66 524 549 550 551 552 609 611 914 915 1395 1516 1603 1350 1377 1381 1382 1383 929 1348 1349 930 934 933 1379 1474 1602 1375 1614 1373 1515 318 1471 1472 1473 317 1467 1470 1476 1535 916 1477 1480 1537 1561 917 1517 1559 1601 1380 1372 553 
40: 61 448 
41: 62 707 445 446 
42: 64 
43: 65 
44: 69 427 
45: 71 
46: 72 85 88 92 99 103 106 108 111 120 121 122 123 124 125 126 127 128 129 130 131 236 242 358 420 528 1218 237 421 
47: 74 258 325 1832 
48: 76 260 
49: 77 
50: 78 438 351 437 350 
51: 79 133 134 
52: 80 436 
53: 81 
54: 82 83 467 815 256 
55: 86 
56: 87 
57: 89 
58: 90 
59: 93 
60: 95 96 
61: 97 264 
62: 105 141 142 263 1095 262 
63: 107 135 
64: 109 
65: 110 338 337 
66: 112 
67: 115 
68: 116 702 
69: 117 
70: 119 310 
71: 132 267 645 647 1033 642 644 641 643 701 963 654 655 243 270 281 646 
72: 140 656 657 
73: 143 
74: 144 1266 1267 447 1424 1423 
75: 145 290 291 288 289 
76: 146 188 187 
77: 147 
78: 149 248 249 435 439 440 442 441 443 444 
79: 155 
80: 156 
81: 157 158 168 170 169 171 
82: 159 410 411 
83: 164 165 
84: 166 
85: 167 
86: 173 174 321 284 322 
87: 177 178 
88: 179 
89: 195 196 352 353 197 
90: 201 
91: 205 462 563 
92: 221 222 
93: 225 226 
94: 228 
95: 231 
96: 247 890 526 891 1241 1457 860 861 935 937 1236 313 777 1237 1239 312 1238 1075 1090 1240 1091 1092 342 938 1093 343 341 936 1089 1493 1242 1268 
97: 250 251 897 1114 336 714 
98: 252 
99: 259 
100: 268 
101: 269 480 475 473 472 
102: 272 
103: 274 275 
104: 277 
105: 287 
106: 294 
107: 295 492 784 785 419 417 418 
108: 300 498 704 703 
109: 304 
110: 309 
111: 311 
112: 319 
113: 346 
114: 347 465 466 
115: 356 
116: 359 361 
117: 362 363 364 
118: 365 
119: 401 783 
120: 426 1643 
121: 428 964 965 966 967 
122: 432 1131 
123: 455 456 
124: 468 469 
125: 470 
126: 471 
127: 474 
128: 483 814 
129: 505 740 909 910 1119 1120 1386 1387 1550 1262 
130: 509 510 511 771 512 772 773 
131: 519 
132: 525 
133: 535 536 537 538 710 711 1103 1104 1109 1110 1246 1384 658 1102 
134: 555 
135: 557 
136: 601 957 958 959 852 
137: 602 
138: 659 660 746 747 1209 1269 1718 1719 1717 
139: 661 674 926 1201 1277 1278 1279 
140: 719 720 721 898 722 899 
141: 726 
142: 859 1344 1345 1346 1347 
143: 900 901 
144: 1029 1030 
145: 1031 
146: 1183 
147: 1265 
148: 1454 1456 
149: 1455 
150: 1461 
151: 1524 1651 
152: 1604 
153: 1686 1687 
154: 1691 
155: 1772 
