# The graph of at k=3
# from /Users/merterm/Downloads/AI_interactions/Al-interactions.txt
# at no lower link weight threshold,
# and at no upper link weight threshold.
# Links were treated as undirected.
# No time limit was set for the clique search.

0 23 1
2 5 1
2 6 1
2 11 1
2 23 2
2 24 1
2 25 1
2 69 1
2 92 1
2 115 1
2 116 1
2 121 1
2 129 2
2 130 1
2 133 1
2 134 1
2 135 1
2 138 2
2 140 2
2 143 1
2 150 1
2 151 1
4 41 1
4 138 1
4 142 4
4 145 1
4 148 1
5 83 1
6 17 3
6 18 1
6 23 1
6 29 1
6 39 1
6 54 1
6 68 1
6 69 1
6 76 1
6 77 1
6 86 1
6 90 1
6 94 1
6 96 2
6 111 1
6 113 1
6 121 3
6 122 1
6 125 2
6 126 1
6 128 1
6 129 2
6 131 1
6 132 1
6 137 1
6 138 4
6 143 1
6 144 1
6 146 1
6 147 1
6 148 1
6 149 1
6 150 1
6 151 1
6 152 2
6 154 1
6 155 3
7 8 1
8 33 1
14 153 1
16 41 1
17 46 2
17 64 1
17 67 1
17 110 1
17 120 1
17 131 1
17 149 1
22 23 1
22 136 1
23 80 1
23 117 3
23 121 1
23 133 1
23 136 3
23 139 1
23 146 2
24 138 1
25 45 1
25 47 1
25 74 2
25 92 1
25 123 1
25 133 1
30 47 1
32 119 1
36 147 1
41 142 1
45 74 1
45 123 1
46 81 1
54 57 1
54 121 1
55 106 1
58 85 1
64 74 1
69 146 1
69 155 1
72 84 1
74 112 1
74 123 1
79 124 1
86 143 2
88 95 1
88 147 1
90 147 1
95 147 1
96 118 1
96 154 1
96 155 1
100 108 1
101 127 1
110 120 1
110 149 1
111 121 1
111 138 1
111 148 1
113 120 1
113 121 1
115 116 1
115 135 1
115 138 1
115 150 1
115 151 1
116 135 1
116 138 1
116 150 1
116 151 1
120 121 1
120 122 1
120 149 1
121 138 2
121 148 1
125 149 1
135 138 1
135 150 1
135 151 1
137 144 1
138 145 1
138 148 2
138 150 1
138 151 1
145 148 1
146 155 1
148 149 1
150 151 1
151 153 1
