# The contained cliques in the communities at k=5
# from /Users/merterm/Downloads/AI_interactions/Al-interactions.txt
# at no lower link weight threshold,
# and at no upper link weight threshold.
# Links were treated as undirected.
# No time limit was set for the clique search.

0: 336 
1: 431 
2: 462 563 
3: 513 1071 1072 1074 1073 1234 545 1235 699 734 700 
4: 524 549 914 1393 1562 1613 550 915 1374 1376 1391 1394 1516 1612 1615 1652 1371 1536 1560 1611 1540 1478 1538 1539 1541 1479 1564 
5: 526 1457 860 861 1236 937 935 
6: 603 792 1662 1664 1673 1676 1400 1661 1668 1672 1674 1681 1398 1399 1401 1669 1629 1659 1670 1671 1677 1630 1631 1632 1633 1634 1635 1637 1675 1680 1505 1663 1667 1500 1501 1502 1503 1504 1506 1683 1660 1666 1679 1684 1682 1636 1678 1190 
7: 640 
8: 652 854 1200 1448 853 1199 1198 1447 
9: 660 
10: 708 1194 1625 1626 1627 1624 
11: 714 897 1114 
12: 740 909 1119 1120 1386 1387 910 
13: 742 1451 855 1452 1453 857 1588 1204 
14: 1085 1087 1593 1525 1594 1526 1595 
15: 1103 1104 
16: 1272 1489 
17: 1369 1370 1466 1468 1378 
18: 1547 
19: 1621 
