# The contained cliques in the communities at k=4
# from /Users/merterm/Downloads/AI_interactions/Al-interactions.txt
# at no lower link weight threshold,
# and at no upper link weight threshold.
# Links were treated as undirected.
# No time limit was set for the clique search.

0: 156 
1: 167 
2: 175 
3: 190 
4: 195 352 353 
5: 200 
6: 204 
7: 205 563 462 
8: 249 
9: 257 
10: 261 425 603 792 1190 1661 1662 1663 1664 1672 1673 1675 1676 1400 1504 1668 1674 1681 1684 1398 1399 1401 1629 1669 1682 559 1659 1670 560 1671 1501 1631 1633 1637 1660 1677 1679 1683 1500 1502 1503 1505 1506 1634 1666 1667 605 1665 1740 606 604 1739 1743 1798 1799 1757 1754 1755 1756 1192 1630 1635 1680 1632 1636 1678 
11: 272 
12: 292 
13: 295 492 784 785 
14: 298 299 684 323 
15: 313 860 1236 1239 526 861 935 937 1457 936 938 1237 1241 
16: 315 516 1726 
17: 316 1403 1404 1405 
18: 330 539 1249 1484 1621 1248 332 788 1251 1272 1483 1489 1570 839 1098 1356 1428 1571 1096 1487 1359 1714 1335 1485 1334 
19: 336 714 897 1114 
20: 339 340 
21: 345 407 
22: 350 351 
23: 409 599 
24: 431 608 
25: 433 
26: 440 
27: 445 446 
28: 476 477 1205 1204 1451 1453 1588 1589 688 742 855 857 1452 689 856 
29: 479 652 854 1200 1448 853 1036 1198 1199 1447 1450 1520 1449 
30: 483 814 
31: 500 501 879 881 880 
32: 505 740 909 1119 1386 910 1120 1387 
33: 513 699 734 1071 1072 1073 1074 1234 700 1388 1235 545 1263 
34: 514 
35: 515 1598 1088 1595 1596 698 1086 1087 1085 905 1525 1593 1594 906 696 1526 1244 1083 1082 
36: 524 549 550 551 914 915 1374 1376 1391 1393 1394 1516 1538 1560 1562 1612 1613 1615 1652 552 1350 1371 1536 1540 1611 1369 1372 1534 1558 1370 1373 1375 1378 1466 1468 1469 1472 1474 1471 1467 1473 1476 1470 1477 1479 1561 1478 1541 1563 1564 1539 751 931 1614 752 1138 1139 1137 932 933 934 930 611 1395 1537 1603 610 1392 1602 1379 1382 1377 1381 1383 
37: 531 532 951 952 955 956 953 954 
38: 534 708 1194 1316 1624 1625 1626 1627 1729 1172 
39: 535 536 537 710 1103 1109 1246 538 711 1104 1110 1384 
40: 554 
41: 600 706 1232 1329 1749 1809 1812 
42: 640 
43: 651 
44: 660 746 
45: 690 691 1065 1066 
46: 701 
47: 707 
48: 743 
49: 812 
50: 819 821 
51: 840 1547 895 1099 1254 1259 1491 1622 1257 
52: 890 
53: 1175 1179 
54: 1266 1267 
55: 1281 1421 1422 
56: 1284 1288 
57: 1303 1307 
58: 1309 1313 
59: 1315 1716 
60: 1323 1324 
61: 1507 
62: 1549 
63: 1568 1817 1802 
64: 1733 
65: 1735 
