# The contained cliques in the communities at k=3
# from /Users/merterm/Google Drive/Academic/University/Bilkent CS 4'2 Finale/CS 425-Web-Scale/Web-Scale/wi.txt
# at no lower link weight threshold,
# and at no upper link weight threshold.
# Links were treated as undirected.
# No time limit was set for the clique search.

0: 0 
1: 1 29 
2: 2 
3: 3 
4: 4 33 91 152 34 92 93 94 39 122 153 40 139 138 151 120 119 7 30 41 62 72 85 121 134 199 232 239 31 57 63 137 202 216 220 56 196 214 221 233 70 73 182 183 187 197 200 69 71 20 42 66 68 113 128 133 143 172 184 185 195 230 235 238 38 67 125 154 117 192 95 8 129 11 51 54 61 114 115 26 226 27 181 28 198 201 225 65 97 190 171 212 234 52 116 213 215 229 88 123 124 222 210 209 211 53 59 164 188 193 206 217 165 207 218 208 219 86 189 130 131 186 148 136 135 223 224 64 231 32 55 58 98 
5: 5 142 191 
6: 6 
7: 9 37 
8: 10 155 
9: 12 
10: 13 16 45 106 158 175 178 237 17 159 166 156 157 102 105 167 176 101 104 179 43 103 44 14 140 15 79 160 78 77 80 127 141 177 227 236 21 48 74 108 144 174 22 49 109 146 111 110 76 173 147 107 145 75 18 
11: 19 
12: 23 
13: 24 50 
14: 25 82 228 
15: 35 36 46 47 
16: 60 90 132 96 
17: 81 83 84 163 
18: 87 
19: 89 
20: 99 100 
21: 112 
22: 118 169 162 168 170 161 203 204 180 205 194 
23: 126 
24: 149 
25: 150 
